image_width: 1280
image_height: 720
camera_name: head_camera
camera_matrix:
  rows: 3
  cols: 3
  data: [1067.34, 0, 646.763, 0, 1055.51, 352.561, 0, 0, 1 ]
distortion_model: plumb_bob
distortion_coefficients:
  rows: 1
  cols: 5
  data: [-0.0139691, 0.446758, -0.000503302, 0.00123566, -0.984919]
rectification_matrix:
  rows: 3
  cols: 3
  data: [1, 0, 0, 0, 1, 0, 0, 0, 1]
projection_matrix:
  rows: 3
  cols: 4
  data: [1067.34, 0, 646.763, 0, 0, 1055.51, 352.561, 0, 0, 0, 1, 0]